0	0	1	1
0.01	0.009999748340333216	0.9999500012666278	0.9999745009583475
0.055	0.05495816415715982	0.9984886580152849	0.9992295012138989
0.251637897909227	0.2476971368038274	0.9688374885259289	0.9842304158240467
0.4571037551816786	0.4343822940214485	0.9007285046621207	0.9506676794754793
0.6788776346568957	0.6090094631559498	0.793162677205	0.9004690677862288
0.9312916418091099	0.7669491576853856	0.6417071515236974	0.8366670678883823
1.244954805445634	0.9021793737361863	0.4313587764085287	0.7647846801662405
1.623494888952674	0.9858841010801378	0.1674205646134242	0.7101371598227036
2.017586410947188	0.9940984537742379	-0.1084683154305201	0.7042726752415264
2.411677932941703	0.9233986568795735	-0.3838386189695255	0.7517572793471083
2.805769454936217	0.7605762931567069	-0.6492463936541071	0.8396279808078636
3.088903321107336	0.5780373374343724	-0.8160086873223699	0.9108201329008501
3.364566853301385	0.3493155096845765	-0.9370039794552132	0.9683840597827993
3.58256572819726	0.1419900041632487	-0.9898670233086606	0.9948449573709982
3.810748141477885	-0.08530782127888659	-0.9963536108603823	0.9981419258745549
4.038930554758509	-0.3060879537000397	-0.9520020838005312	0.9758160291044623
4.267112968039133	-0.5048018618107392	-0.863233798370171	0.932758189772486
4.495295381319758	-0.6712083701478759	-0.7412668469278019	0.877629079544116
4.766117793751611	-0.8216137832735495	-0.5700415535812338	0.809767136036147
5.123856573813103	-0.9458129815538665	-0.3247039663176259	0.7374076919928401
5.498818343143195	-0.998049965687118	-0.06237651920628178	0.7014155470662199
5.893015465467782	-0.9769223701382909	0.213582114414843	0.7164246412054536
6.287212587792369	-0.8731872587182909	0.4873793773422062	0.7817570622901404
6.640503297684416	-0.696697773767068	0.717361120572421	0.8674381051948375
6.920390817098546	-0.4953762851933052	0.8686756381525058	0.9353309768176812
7.16920101289069	-0.2758812064637888	0.9611892885580555	0.9803982732477882
7.387486163394583	-0.06301904807247381	0.998010009006059	0.9989853847609514
7.605771313898477	0.1542676245077078	0.9880267550163377	0.993911474737051
7.82405646440237	0.3608634652036307	0.9326160931107103	0.9662213679853165
8.042341614906263	0.5442161715670807	0.8389420399011983	0.9213846599793734
8.280447293379133	0.7088882335209535	0.7053170121616431	0.8623863854282199
8.564811926258574	0.8536971425972626	0.5207639128942971	0.7926593608048909
8.957939776928441	0.9685775049417958	0.2486948032370219	0.7221787913548871
9.351067627598308	0.9996445142272676	-0.02649892891303145	0.7002551574189532
9.744195478268175	0.9534257812168254	-0.301613497194452	0.7323893863075667
10.13732332893804	0.8205466534591545	-0.5715720377285546	0.8103167945427442
10.46616536179765	0.6306846709508017	-0.7760338087045294	0.8928244884918922
10.73355976821459	0.4216378651732751	-0.9067598454023379	0.9535869064970168
10.96347207389841	0.2100015271237881	-0.9776969991505929	0.9886879469916203
11.17725891111431	-0.00140288501112926	-0.9999950759412973	0.9999971329778327
11.39104574833021	-0.2127124988238281	-0.9771107744248241	0.9883923841323581
11.60483258554611	-0.4100713334971856	-0.9120490196550973	0.9561560269129413
11.81861942276201	-0.5827654826553311	-0.8126352825138997	0.909280532247941
12.06546171041559	-0.7439560523343784	-0.6682220155599732	0.8471863613621492
12.36591657239269	-0.8831327688399184	-0.4691128559137392	0.7760368235677487
12.74886392285027	-0.9792217529624156	-0.2027653152694512	0.7148195470527402
13.13181127330786	-0.9978589224032079	0.06531882433918126	0.7015517777986958
13.51475862376544	-0.9428497059584632	0.3332018383028319	0.7393381590323408
13.89770597422302	-0.8038740982158155	0.5947902605484354	0.8187944390372975
14.21755897197459	-0.6123604158130707	0.7905719290663406	0.8993057767908723
14.48743526447101	-0.3966939900057869	0.9179452378024093	0.9590291638690589
14.71195216042418	-0.1875043278033844	0.9822585403150316	0.9909910632428678
14.94727718143279	0.04610663649801695	0.998931431880576	0.9994547510091428
15.15088374581156	0.245883119100655	0.9692942087263088	0.9844593011585636
15.35449031019032	0.4311561804140059	0.9022715739930941	0.9514132103648301
15.57596151019084	0.6060984484957646	0.7953829645083577	0.9014668536051451
15.82765348595238	0.7643676168939317	0.6447721003576957	0.8378674548535762
16.13973506048681	0.9000614745273923	0.4357490260791909	0.7660523805939207
16.51868380134286	0.9851613874205625	0.1715924255775125	0.7106442479058315
16.9118052802302	0.9946108381818211	-0.1036156378984175	0.7038993414747329
17.30492675911755	0.925655374391588	-0.3783505017523163	0.7503364895063239
17.6980482380049	0.7653810851891383	-0.6435672272924451	0.8373946744564285
17.98434705391773	0.5822653558214309	-0.8129909014710859	0.9094423207682467
18.25948272333524	0.3549627445487485	-0.9348738036977894	0.9673330649393226
18.47891689906168	0.1467150698987333	-0.9891725711074392	0.9944921991126634
18.70789895833209	-0.08132592578723866	-0.9966814152793825	0.9983084020752241
18.9368810176025	-0.3031082027389254	-0.9529496465037188	0.9762871867122869
19.16586307687291	-0.5028613941083926	-0.8643597234098952	0.933289359717412
19.39484513614332	-0.6701596063633464	-0.7422082669594062	0.8780342924332551
19.66514264523843	-0.8206244227928828	-0.5714559819079068	0.810274897523959
20.02191249728963	-0.9450630869955324	-0.326864560615783	0.7378937839986472
20.39684595187973	-0.9979055618813581	-0.06456673994379469	0.7015160251885785
20.79116727486242	-0.9773748803474814	0.2114776345829569	0.7161055949319197
21.1854885978451	-0.8742780832970279	0.48540940456335	0.7811311826848776
21.53840775565456	-0.6987152502532056	0.7153891042258114	0.8666066446839286
21.81919751475361	-0.4972833082586058	0.867579476492499	0.9348115122527154
22.06855662832702	-0.2775792777909547	0.9606949801229658	0.9801507235856468
22.28682485919688	-0.06483479987347147	0.9978885906649551	0.9989231075524625
22.50509309006675	0.1524602615659047	0.9883021048919418	0.9940506633310212
22.72336132093661	0.3591875499444604	0.9332573793120174	0.9665366761150938
22.94162955180648	0.5427633870488494	0.8398766029371404	0.9218183289753471
23.17945638389015	0.7075729256461466	0.7066293136938649	0.8629336163789165
23.46328191496844	0.8525785876852543	0.5225834267997522	0.7932693168825484
23.85688548981798	0.9681728172322911	0.250245189428738	0.7224512995335638
24.25048906466752	0.999670996147463	-0.02527870482158789	0.7002315524551117
24.64409263951705	0.9537004755913432	-0.3007267713583349	0.732202827210559
25.03769621436659	0.8209093076614321	-0.5710420996242547	0.8101257052553474
25.36658889682986	0.6311957814063444	-0.775611550332026	0.8926368694070362
25.63393458164225	0.4223203970779001	-0.9064365133491784	0.9534296805718431
25.86400327415834	0.2106154939332933	-0.9775596871554334	0.9886182753490306
26.07779987754036	-0.0007756706949358233	-0.999990641585309	0.9999944528520901
26.29159648092238	-0.2121144192700976	-0.9772355453390796	0.9884548695625289
26.50539308430439	-0.4095380947801808	-0.9122829754123328	0.9562694104809351
26.71918968768641	-0.5823192064453947	-0.8129488405784682	0.9094230060838251
26.96592733472734	-0.7435529664853932	-0.6686628613760071	0.8473632442457466
27.26617729659714	-0.8827965318713571	-0.4697344044866604	0.7762280076828912
27.64921765559763	-0.9790980073695911	-0.2033368291767886	0.7149017517411235
28.03225801459812	-0.9978869199033983	0.06481073703617812	0.7015271481503672
28.41529837359862	-0.9430006295313164	0.332759079053633	0.7392358872821676
28.79833873259911	-0.8041330251965504	0.5944315405785192	0.818661059988682
29.11836179604598	-0.6126209923483564	0.7903635444845184	0.8992118919921586
29.38820127079395	-0.3970515620100716	0.9177850491894424	0.9589505341252914
29.61279325205525	-0.1878285759506838	0.9821913751692269	0.9909566886450665
29.84817916515581	0.04583291278217427	0.9989389023182006	0.9994581398623835
30.05173231983821	0.2455689031254814	0.9693685801960276	0.9844962216038323
30.25528547452062	0.4308260557323388	0.9024235780760276	0.9514862915155395
30.47671959104781	0.6057944086203563	0.7956081219260818	0.9015677148877171
30.72833908365264	0.7640974453697044	0.6450843118477979	0.8379895079885628
31.0402596346633	0.8998383254288131	0.4361979160163494	0.7661821132755566
31.41925336909499	0.985081889737615	0.1720184527130351	0.7106961847380374
31.81227795317325	0.9946571865002394	-0.1031201166389382	0.7038616340167713
32.20530253725152	0.9258787920721147	-0.3777898808163396	0.7501918532786915
32.59832712132978	0.7658629580852963	-0.6429857447103758	0.8371663327006699
32.88495463664346	0.5826866079384682	-0.812682733158007	0.9093013786589654
33.16003701780465	0.3555287292101627	-0.9346532285379778	0.9672239199803773
33.37961882442217	0.1471874587557158	-0.989097212527055	0.9944535514325352
33.60868307945179	-0.08092800731204078	-0.9967086658787618	0.9983218579925144
33.83774733448141	-0.3028107953533337	-0.9530388191898738	0.976331150037452
34.06681158951103	-0.5026680706188119	-0.8644662403322354	0.9333392244683042
34.29587584454065	-0.6700552664916701	-0.7422955646852989	0.8780714516755258
34.56612300746283	-0.8205249296679148	-0.5715898694623652	0.8103225423073106
34.92280048903498	-0.9449861771640852	-0.3270711887455204	0.7379399103779614
35.29773289862791	-0.997886834350197	-0.06477652040625773	0.7015252915254007
35.69206791307104	-0.9774132869986252	0.2112758160407137	0.7160746281122168
36.08640292751416	-0.874377338878911	0.4852200363737394	0.7810706410271495
36.43928913221447	-0.6989021587928034	0.7151993434423272	0.866526277785346
36.72016488986169	-0.4974608151074791	0.8674718043823707	0.9347601028640434
36.96957692293056	-0.2777377554886902	0.9606438450562641	0.9801247357459684
37.18784434996548	-0.06500519594011257	0.9978723729843628	0.9989144262020867
37.4061117770004	0.1522897746573457	0.9883232083393887	0.9940609429424555
37.62437920403531	0.3590285811685962	0.9333130599131056	0.9665636629767695
37.84264663107023	0.5426246469737026	0.8399601495535789	0.9218566974035679
38.0804482462801	0.7074464742676835	0.7067486654938417	0.8629829783587851
38.36422431729472	0.8524699613195758	0.5227508103533551	0.7933250329655483
38.75787444885741	0.9681306998965258	0.2503876203782825	0.7224758878903467
39.15152458042011	0.9996686874168015	-0.02516708196866806	0.7002289038962805
39.5451747119828	0.953720491862881	-0.300646245256732	0.7321853900145934
39.9388248435455	0.8209361747120665	-0.5709945019225182	0.8101080780416593
40.26771866798793	0.6312387680542946	-0.775569959639931	0.8926179701456594
40.5350615574015	0.4223789626186768	-0.9064035720794275	0.9534132694998019
40.76514502651931	0.2106686945913452	-0.9775429824012152	0.9886094276769863
40.97894334816409	-0.0007205755219719841	-0.9999855592961889	0.9999914421404643
41.19274166980887	-0.21206115276395	-0.9772418628787856	0.9884576313047052
41.40653999145366	-0.4094898255245832	-0.912299026773727	0.9562767822739574
41.62033831309844	-0.5822779345231281	-0.8129721002059379	0.9094331497411463
41.86706776420803	-0.743514831809493	-0.6686976030018588	0.847376731969873
42.16730091875817	-0.8827635787471022	-0.4697854243224065	0.7762432150252256
42.55035090162517	-0.979082981312365	-0.2033839779558143	0.7149080060080329
42.93340088449217	-0.9978845144275403	0.06476870375745157	0.701524571387539
43.31645086735917	-0.9430081813670459	0.3327222782594346	0.7392268728076887
43.69950085022617	-0.8041490272688092	0.5944012728528848	0.8186493401577563
44.01953656358086	-0.6126387699245628	0.7903432816664264	0.8992023432248097
44.2893743671178	-0.3970775432019791	0.9177682259759772	0.9589418859177906
44.51397309898245	-0.1878526662434484	0.9821815513065465	0.9909513001949362
44.74936464283977	0.04581189098533089	0.9989347374486295	0.9994555978807365
44.95291456936	0.2455441106436114	0.9693695749171678	0.9844962957464507
45.15646449588024	0.4307993956855599	0.9024306277264492	0.9514892613304241
45.37789669658483	0.6057690758589341	0.7956209704134687	0.9015730330253304
45.62951169014575	0.7640740253739642	0.6451041093073564	0.8379967807906927
45.94142121204396	0.8998177763517964	0.4362285594109429	0.7661904642960626
46.32041985476121	0.9850715541440878	0.1720478517236943	0.7106992248505004
46.71343889638314	0.9946556562947909	-0.1030851830997758	0.7038584293127629
47.10645793800506	0.9258896701185378	-0.3777496563712809	0.7501809646264365
47.49947697962699	0.7658920635741826	-0.6429431062363532	0.8371491311450345
47.78612769047917	0.5827123304074893	-0.812657984827804	0.909289637702435
48.0612075140202	0.3555650244564026	-0.934633939395866	0.9672139808648141
48.2808001136553	0.1472182003665699	-0.989087457074849	0.9944481818537058
48.50987077905933	-0.08090141965754319	-0.9967056836185542	0.9983199200331616
48.73894144446337	-0.302790096921869	-0.9530400192712597	0.9763313185710802
48.96801210986741	-0.5026535404952249	-0.8644687620417455	0.9333399669745746
49.19708277527145	-0.6700459697742263	-0.742297053925999	0.8780716168347793
49.46732772558823	-0.8205152608375911	-0.5715947849882073	0.8103237938775275
49.82400050497524	-0.9449772146327724	-0.3270814178386057	0.737941655162312
50.19893443434376	-0.997880996789939	-0.0647873482533305	0.7015252045462086
50.59327190573708	-0.977410372857387	0.2112650457436455	0.7160724227043329
50.98760937713039	-0.8743773745207698	0.4852094123680561	0.7810667389791136
51.34049582433095	-0.6989062546113953	0.7151881767453314	0.8665210940895061
51.62137565134019	-0.4974655909475094	0.8674631590213481	0.9347555631463405
51.87079083850527	-0.2777425368713311	0.9606371289731735	0.9801209513814295
52.08905908663831	-0.06501126456949459	0.99786684293308	0.9989111896114128
52.30732733477136	0.1522828425742314	0.9883190921712611	0.9940584345593044
52.5255955829044	0.3590212518963294	0.93331038946182	0.9665619146596185
52.74386383103744	0.5426173202423614	0.8399587826838053	0.9218556079804819
52.98166549352965	0.7074389350172799	0.706748962401252	0.8629826171301338
53.26544084892117	0.8524623921649321	0.5227533521145452	0.7933253593029176
53.6590942127397	0.9681248249509606	0.2503898723839464	0.7224757063102113
54.05274757655823	0.9996636037155199	-0.02516541991421715	0.7002282753930146
54.44640094037676	0.9537154616570466	-0.3006451594796563	0.7321845907004613
54.84005430419529	0.8209304575224616	-0.5709937481491349	0.8101072901579676
55.16894559797388	0.6312355320405946	-0.775565986880122	0.8926157405793701
55.43629008726128	0.4223760312285447	-0.9063992851456605	0.9534107517407286
55.66637435628662	0.2106666318082049	-0.9775381853876102	0.988606584999173
55.88017360302833	-0.0007218695990609605	-0.9999804344380612	0.9999884097131567
56.09397284977003	-0.2120615906171512	-0.9772365246875117	0.9884545160672045
56.30777209651174	-0.4094893669653775	-0.912293616182364	0.9562737118653889
56.52157134325345	-0.5822765940120268	-0.812966757707271	0.9094302536019823
56.76830209496367	-0.7435126812194303	-0.6686923317739805	0.8473741163236852
57.0685369574932	-0.8827605342141984	-0.4697802384408404	0.7762410749122693
57.4515883135263	-0.9790786803414695	-0.2033794897199484	0.7149067690583351
57.8346396695594	-0.9978791308572235	0.06477253795451465	0.701524154996371
58.2176910255925	-0.9430016462504334	0.3327254004340381	0.7392270230118804
58.6007423816256	-0.8041411753324949	0.5944032753220502	0.8186495701375709
58.92077529657728	-0.6126326886862287	0.7903415125040869	0.8992010844773916
59.19061488380987	-0.3970709377849551	0.9177655009019537	0.9589401191124555
59.41521364510872	-0.1878472607262913	0.9821773683642203	0.9909487631894284
59.6506053842706	0.04581569865767227	0.9989294335102933	0.9994524752928229
59.85415701341273	0.2455477576521932	0.9693633653566991	0.9844927521750975
60.05770864255486	0.4308025572798351	0.9024234406064845	0.9514853447800324
60.2791423810646	0.605771132927724	0.7956129641167131	0.9015689651964728
60.53075955135902	0.7640748560993258	0.6450951826654382	0.837992776424923
60.84267276722416	0.8998171411325456	0.4362181237775481	0.7661868876017837
61.22167236655807	0.9850680202907586	0.1720383034056947	0.7106974567982182
61.61469482566367	0.9946494387433329	-0.1030954701127796	0.7038586027664184
62.00771728476926	0.9258797039335265	-0.3777605198232553	0.7501831962633571
62.40073974387486	0.7658767564321666	-0.6429533709735418	0.8371526515049951
62.68738360119779	0.5826992854077766	-0.8126610335629371	0.909290566776686
62.96246585352164	0.3555493857502777	-0.9346344065899453	0.967213778150848
63.1820558045824	0.1472056563027824	-0.9890841437410507	0.9944460800598651
63.41112544037811	-0.08091121764775436	-0.9966997475115756	0.9983164780431486
63.64019507617382	-0.3027965008678064	-0.9530326083391204	0.9763272002434472
63.86926471196954	-0.5026565085324717	-0.864461109092308	0.9333359033008077
64.09833434776525	-0.6700459592559547	-0.7422901607654313	0.8780681680082112
64.36858179222548	-0.8205143709863465	-0.5715870982567743	0.8103205118004485
64.72525843016082	-0.9449748930389309	-0.3270724598056104	0.7379390627389197
65.10019412827646	-0.9978764209163629	-0.06477874042677362	0.7015242022036532
65.49453295777572	-0.977403424665541	0.2112729380595206	0.7160730254416757
65.88887178727498	-0.8743677209766397	0.4852162485076345	0.7810683686554428
66.24176171332719	-0.6988925007305986	0.7151944530797434	0.8665232527224811
66.52263760654327	-0.4974535013895096	0.8674641852995283	0.9347556008655227
66.77205108671245	-0.2777323119276529	0.9606347514160606	0.9801193356617059
66.99032031471974	-0.06500128825445677	0.9978623580613343	0.9989084854868304
67.20858954272703	0.1522918806400457	0.9883125151195404	0.9940546783532137
67.42685877073431	0.3590287299016141	0.933302022846224	0.9665573612194174
67.6451279987416	0.54262282624297	0.8399491256187329	0.9218506661536306
67.88293217478979	0.7074430079000156	0.7067376355843027	0.8629774010100842
68.16671157274482	0.8524646919071303	0.522739800069434	0.7933202771762704
68.56036393478638	0.9681224890718347	0.2503784408591225	0.7224731061885808
68.95401629682794	0.9996582499690952	-0.02517448831673117	0.7002278435979625
69.34766865886951	0.9537079891378453	-0.3006518215642097	0.7321854139062784
69.74132102091107	0.8209215665927556	-0.5709975574819719	0.8101081425660891
70.07020943603636	0.631227787008202	-0.775565684166694	0.8926151373005449
70.33755595268977	0.4223671018014858	-0.9063977933717337	0.9534095892291597
70.5676396582442	0.2106591789592301	-0.9775345500820704	0.988604328166078
70.78143975269728	-0.0007286636123706169	-0.9999753057133767	0.9999853753220477
70.99523984715036	-0.2120672665958865	-0.9772300499195629	0.9884508277638984
71.20903994160344	-0.4094935717402227	-0.9122861125302565	0.9562696231018005
71.42284003605651	-0.5822791483592329	-0.8129586256916335	0.9094260857259734
71.66957301456004	-0.7435140405024862	-0.6686831580843127	0.8473699301197243
71.96981139084423	-0.8827604070038505	-0.4697695707755578	0.776237242874279
72.35286331510197	-0.9790754256087568	-0.2033699653723727	0.7149048014791921
72.73591523935971	-0.9978734570341697	0.06478084543862701	0.7015239492854871
73.11896716361746	-0.9429937375087756	0.3327324159968165	0.7392280669724169
73.5020190878752	-0.8041309973800382	0.594408424692549	0.8186509654283971
73.82204769836956	-0.6126242806337018	0.7903415471289919	0.8992006342991197
74.09188940612563	-0.3970611544206878	0.9177641508854365	0.9589390234834374
74.3164875413416	-0.1878389786590909	0.9821737356997501	0.9909465043508239
74.55187894568324	0.04582192783396627	0.9989240186353765	0.9994492961676915
74.7554327583223	0.2455541782460521	0.9693564533367615	0.9844888558693775
74.95898657096136	0.4308086272621013	0.9024148651707365	0.9514807567181792
75.18042218409022	0.6057758612359303	0.7956029240693211	0.9015639820820136
75.43204218219316	0.7640780519334196	0.6450834547941562	0.8379876723349403
75.74396052798043	0.8998184480681173	0.4362036819422166	0.7661821477485615
76.1229606985751	0.9850651498517009	0.1720249567037143	0.7106952199140643
76.51598744909063	0.9946427640522333	-0.1031101673981544	0.7038591057951821
76.90901419960616	0.92586770473738	-0.3777763658105714	0.7501867076087083
77.30204095012169	0.7658571175188906	-0.6429687952000325	0.8371581928795944
77.58867502412721	0.582682458686801	-0.8126667938170253	0.9092927317818291
77.86376019142561	0.355528681170711	-0.9346368007641305	0.9672145251017945
78.0833461830474	0.1471888896715271	-0.9890814588148621	0.9944442970321068
78.31241406358379	-0.08092456526375189	-0.9966935232630549	0.9983128893495357
78.54148194412018	-0.3028055490242323	-0.9530243573591143	0.9763226637296401
78.77054982465657	-0.5026611840228598	-0.8644524634385751	0.9333313707286841
78.99961770519296	-0.6700468551839015	-0.7422824495679095	0.878064366516213
79.26986810312862	-0.8205143380458099	-0.5715781816409383	0.8103167873106661
79.62654943526063	-0.9449732196928703	-0.3270616291090063	0.737936047072704
80.001486926431	-0.9978719682623386	-0.0647682356320817	0.7015231105969061
80.39582700672014	-0.9773960828008416	0.2112826518829024	0.716073902325454
80.79016708700928	-0.8743571217927775	0.4852247887560754	0.7810705382707651
81.14306080835766	-0.6988770043170622	0.7152024321201714	0.8665261281088438
81.42393198658893	-0.49743976537743	0.8674661557693817	0.9347560854619914
81.67334328524562	-0.2777206219605769	0.9606327974804674	0.980117931696865
81.89161350860496	-0.0649897455285548	0.9978579752768885	0.9989058333778162
82.1098837319643	0.1523024778007924	0.9883056978670217	0.9940508003633017
82.32815395532364	0.3590376534648139	0.9332931001898411	0.9665525339744664
82.54642417868298	0.5426295850334553	0.8399386592825986	0.9218453482972965
82.78423110910907	0.7074482144208983	0.7067251740271138	0.8629717109995593
83.0680150142815	0.8524679550971183	0.5227246768082655	0.7933146671372788
83.46166596145264	0.9681204988042883	0.250365673191832	0.7224702700118412
83.85531690862378	0.9996528699142517	-0.02518460481400944	0.700227431094212
84.24896785579492	0.9537002780345105	-0.30065924079969	0.73218639571304
84.64261880296606	0.8209123652848394	-0.5710018132345697	0.8101091554636629
84.97150430481783	0.6312196013581722	-0.7755657402541112	0.8926146930202311
85.23885289061398	0.4223575861963231	-0.9063965748805682	0.9534085592247699
85.46893589944337	0.2106511993107246	-0.9775310284399858	0.9886021286591778
85.68273683402052	-0.000735995173791814	-0.9999701767278493	0.9999823408073754
85.89653776859767	-0.212073454543913	-0.977223464181976	0.9884470835218272
86.11033870317482	-0.4094982323177911	-0.9122784044258739	0.9562654348818125
86.32413963775197	-0.5822820834154396	-0.812950221155406	0.9094217936317053
86.57087493358699	-0.7435157428838084	-0.6686736030751341	0.8473655904891102
86.87111700017564	-0.8827605649842156	-0.4697583673813669	0.7762332455510286
87.25416941403253	-0.9790722732306381	-0.2033599487730045	0.7149027625540995
87.63722182788942	-0.9978677549253756	0.06478959024785964	0.7015237642309511
88.02027424174631	-0.9429856945323063	0.3327398122760857	0.7392291983699096
88.40332665560319	-0.8041205919999003	0.59441388186037	0.8186524747187772
88.72335081457439	-0.6126156449076917	0.7903417584058658	0.8992002633124945
88.99319467570938	-0.3970510601425183	0.9177629355020283	0.9589379935746289
89.21779212070186	-0.187830415127717	0.9821701569930402	0.9909442727942863
89.45318313834939	0.04582839400222957	0.9989185930295	0.9994461115829816
89.65673918154313	0.2455608702913377	0.9693494726757471	0.9844849251097835
89.86029522473687	0.4308149818818596	0.9024061539569485	0.9514761030037594
90.08173274545567	0.6057808509827569	0.7955926850655469	0.9015589094614566
90.33335563512723	0.7640814792544367	0.6450714528238847	0.8379824606944968
90.64527925153943	0.8998199450909737	0.4361888479689016	0.7661772941561169
91.0242799557919	0.9850623443813231	0.1720112380824347	0.7106929372497987
91.41731108343936	0.9946360445247969	-0.1031252966415181	0.7038596412646183
91.81034221108682	0.9258555061869467	-0.3777926998663988	0.7501903444680044
92.20337333873428	0.7658370538292698	-0.6429847247211042	0.8371639322955423
92.4899973435855	0.5826652604307621	-0.8126728203218551	0.9092950181651713
92.76508547332627	0.3555074792004761	-0.9346393838911845	0.9672153651812255
92.98466737722326	0.1471717080848463	-0.9890788355542796	0.9944425452901046
93.21373343138097	-0.08093826190808744	-0.9966872706644754	0.9983092862330551
93.44279948553869	-0.302814857456103	-0.9530160237416957	0.9763180860964443
93.6718655396964	-0.5026660279140499	-0.8644437199932851	0.933326791988156
93.90093159385411	-0.6700478408939754	-0.742274657527567	0.8780605301943748
94.17118499063916	-0.820514389945987	-0.5715691434619049	0.8103130191293859
94.52787109977211	-0.9449716105594149	-0.3270506131532129	0.7379329896079397
94.90281038641508	-0.997867527870453	-0.06475754312508114	0.7015220102389582
95.29715170682087	-0.9773887020341079	0.2112925459518427	0.7160748064070566
95.69149302722666	-0.8743464290691112	0.48523349760638	0.7810727613528248
96.0443905757454	-0.6988613350979417	0.7152105798855948	0.8665290745523198
96.32525696162907	-0.4974258660737323	0.867468219894961	0.9347566143919663
96.57466603175642	-0.2777087866366411	0.9606308856387814	0.9801165487783262
96.7929372519786	-0.06497804739807125	0.9978536026700182	0.9989031864618164
97.01120847220078	0.1523132296245044	0.9882988568304512	0.9940469103275297
97.22947969242296	0.3590467204153675	0.9332841224250391	0.9665476796146387
97.44775091264513	0.5426364680856097	0.8399281127324993	0.9218399932023535
97.68556062138744	0.7074535333941859	0.7067125999388053	0.8629659740498103
97.96934908000068	0.8524713138517086	0.5227093976372021	0.7933090048203961
98.36299857157805	0.9681185429297867	0.2503527727061571	0.7224674104737905
98.75664806315541	0.9996474873069199	-0.02519482580055174	0.7002270205898036
99.15029755473277	0.9536925431177654	-0.3006667358946393	0.7321873934511809
99.54394704631014	0.820903132658509	-0.5710061142036054	0.8101101846320967
99.87282963081148	0.6312113715874605	-0.7755658324374564	0.8926142647406822
100	0.5376335285192081	-0.8431372046272991	0.9233325504988452
